Edad,Qx,Px,Vx,lx,dx,Cx,Dx,Mx,Nx,Rx,Sx
0,0.000433,0.999567,1,100000,43.3,42.03883495,100000,9341.270854,3112615.959,686365.4321,83301222.34
1,0.000433,0.999567,0.970873786,99956.7,43.2812511,40.79673023,97045.33981,9299.23202,3012615.959,677024.1613,80188606.38
2,0.000434,0.999566,0.942595909,99913.41875,43.36242374,39.68276041,94177.97978,9258.435289,2915570.619,667724.9293,77175990.43
3,0.000434,0.999566,0.915141659,99870.05633,43.34360445,38.51023116,91395.24907,9218.752529,2821392.639,658466.494,74260419.81
4,0.000435,0.999565,0.888487048,99826.71272,43.42462003,37.4584587,88694.74129,9180.242298,2729997.39,649247.7414,71439027.17
5,0.000436,0.999564,0.862608784,99783.2881,43.50551361,36.43518273,86073.94085,9142.783839,2641302.649,640067.4991,68709029.78
6,0.000438,0.999562,0.837484257,99739.78259,43.68602477,35.52073591,83530.49768,9106.348656,2555228.708,630924.7153,66067727.13
7,0.00044,0.99956,0.813091511,99696.09656,43.86628249,34.62844847,81062.04983,9070.82792,2471698.21,621818.3667,63512498.42
8,0.000443,0.999557,0.789409234,99652.23028,44.14593801,33.83418556,78666.3908,9036.199472,2390636.161,612747.5387,61040800.21
9,0.000446,0.999554,0.766416732,99608.08434,44.42520562,33.05652517,76341.30252,9002.365286,2311969.77,603711.3393,58650164.05
10,0.000449,0.999551,0.744093915,99563.65914,44.70408295,32.29518068,74084.71291,8969.308761,2235628.467,594708.974,56338194.28
11,0.000453,0.999547,0.722421277,99518.95505,45.08208664,31.61966853,71894.61056,8937.013581,2161543.754,585739.6652,54102565.81
12,0.000457,0.999543,0.70137988,99473.87297,45.45955995,30.95574826,69768.9731,8905.393912,2089649.144,576802.6516,51941022.06
13,0.000463,0.999537,0.68095134,99428.41341,46.03535541,30.43479316,67705.91134,8874.438164,2019880.171,567897.2577,49851372.91
14,0.000468,0.999532,0.661117806,99382.37805,46.51095293,29.85361082,65703.45971,8844.003371,1952174.259,559022.8196,47831492.74
15,0.000475,0.999525,0.641861947,99335.8671,47.18453687,29.40384342,63759.9131,8814.14976,1886470.8,550178.8162,45879318.48
16,0.000482,0.999518,0.623166939,99288.68256,47.85714499,28.95435977,61873.42441,8784.745916,1822710.887,541364.6664,43992847.68
17,0.000489,0.999511,0.605016446,99240.82542,48.52876363,28.50553407,60042.33148,8755.791557,1760837.462,532579.9205,42170136.8
18,0.000498,0.999502,0.587394608,99192.29665,49.39776373,28.17085441,58265.02017,8727.286022,1700795.131,523824.129,40409299.34
19,0.000507,0.999493,0.570286027,99142.89889,50.26544974,27.83076079,56539.80989,8699.115168,1642530.111,515096.8429,38708504.2
20,0.000517,0.999483,0.553675754,99092.63344,51.23089149,27.53912862,54865.18855,8671.284407,1585990.301,506397.7278,37065974.09
21,0.000528,0.999472,0.537549276,99041.40255,52.29386055,27.29177366,53239.63422,8643.745279,1531125.112,497726.4434,35479983.79
22,0.00054,0.99946,0.521892501,98989.10869,53.45411869,27.08476086,51661.67349,8616.453505,1477885.478,489082.6981,33948858.68
23,0.000553,0.999447,0.506691748,98935.65457,54.71141698,26.91439177,50129.8798,8589.368744,1426223.804,480466.2446,32470973.2
24,0.000567,0.999433,0.491933736,98880.94315,56.06549477,26.77719254,48642.87182,8562.454352,1376093.925,471876.8758,31044749.4
25,0.000582,0.999418,0.477605569,98824.87766,57.5160788,26.66990248,47199.31195,8535.67716,1327451.053,463314.4215,29668655.47
26,0.000598,0.999402,0.463694727,98767.36158,59.06288222,26.58946318,45797.90481,8509.007257,1280251.741,454778.7443,28341204.42
27,0.000616,0.999384,0.450189056,98708.2987,60.804312,26.57615127,44437.39579,8482.417794,1234453.836,446269.7371,27060952.68
28,0.000635,0.999365,0.437076753,98647.49438,62.64115893,26.58154792,43116.52655,8455.841643,1190016.44,437787.3193,25826498.84
29,0.000656,0.999344,0.424346362,98584.85322,64.67166372,26.64386917,41834.12384,8429.260095,1146899.914,429331.4776,24636482.4
30,0.000678,0.999322,0.41198676,98520.18156,66.7966831,26.71781458,40589.01035,8402.616226,1105065.79,420902.2175,23489582.49
31,0.000703,0.999297,0.399987145,98453.38488,69.21272957,26.87786613,39380.08835,8375.898411,1064476.779,412499.6013,22384516.7
32,0.000729,0.999271,0.388337034,98384.17215,71.7220615,27.04109965,38206.21762,8349.020545,1025096.691,404123.7029,21320039.92
33,0.000757,0.999243,0.377026247,98312.45009,74.42252472,27.2419856,37066.37406,8321.979445,986890.4735,395774.6823,20294943.23
34,0.000788,0.999212,0.3660449,98238.02756,77.41156572,27.51078525,35959.52895,8294.73746,949824.0994,387452.7029,19308052.76
35,0.000821,0.999179,0.355383398,98160.616,80.58986573,27.80611681,34884.65324,8267.226675,913864.5705,379157.9654,18358228.66
36,0.000857,0.999143,0.345032425,98080.02613,84.05458239,28.15685087,33840.78927,8239.420558,878979.9172,370890.7388,17444364.09
37,0.000896,0.999104,0.334982937,97995.97155,87.80439051,28.55628409,32826.97836,8211.263707,845139.128,362651.3182,16565384.17
38,0.000938,0.999062,0.325226152,97908.16716,91.83786079,28.9981302,31842.29649,8182.707423,812312.1496,354440.0545,15720245.04
39,0.000983,0.999017,0.315753546,97816.3293,96.1534517,29.47649838,30885.85283,8153.709293,780469.8531,346257.3471,14907932.89
40,0.001033,0.998967,0.306556841,97720.17585,100.9449416,30.04404117,29956.78839,8124.232794,749584.0003,338103.6378,14127463.04
41,0.001087,0.998913,0.297628001,97619.2309,106.112104,30.66207123,29054.21653,8094.188753,719627.2119,329979.405,13377879.04
42,0.001145,0.998855,0.288959224,97513.1188,111.652521,31.32332606,28177.31514,8063.526682,690572.9954,321885.2162,12658251.83
43,0.001208,0.998792,0.280542936,97401.46628,117.6609713,32.04752847,27325.29332,8032.203356,662395.6802,313821.6896,11967678.83
44,0.001278,0.998722,0.272371782,97283.80531,124.3287032,32.87731116,26497.36346,8000.155827,635070.3869,305789.4862,11305283.15
45,0.001353,0.998647,0.264438624,97159.4766,131.4567718,33.74975518,25692.71828,7967.278516,608573.0234,297789.3304,10670212.76
46,0.001435,0.998565,0.256736528,97028.01983,139.2352085,34.7055961,24910.63692,7933.528761,582880.3052,289822.0519,10061639.74
47,0.001525,0.998475,0.249258765,96888.78462,147.7553966,35.7566288,24150.3788,7898.823165,557969.6682,281888.5231,9478759.436
48,0.001623,0.998377,0.241998801,96741.02923,157.0106904,36.88970759,23411.21308,7863.066536,533819.2894,273989.6999,8920789.768
49,0.00173,0.99827,0.234950292,96584.01854,167.0903521,38.11449227,22692.44338,7826.176828,510408.0764,266126.6334,8386970.479
50,0.001848,0.998152,0.22810708,96416.92819,178.1784833,39.45997428,21993.38393,7788.062336,487715.633,258300.4566,7876562.402
51,0.001977,0.998023,0.221463184,96238.7497,190.2640082,40.90919718,21313.33996,7748.602362,465722.2491,250512.3942,7388846.769
52,0.002119,0.997881,0.2150128,96048.48569,203.5267412,42.48626655,20651.65387,7707.693165,444408.9091,242763.7919,6923124.52
53,0.002274,0.997726,0.208750292,95844.95895,217.9514367,44.17225819,20007.66312,7665.206898,423757.2552,235056.0987,6478715.611
54,0.002446,0.997554,0.202670186,95627.00752,233.9036604,46.0245615,19380.74339,7621.03464,403749.5921,227390.8918,6054958.356
55,0.002635,0.997365,0.196767171,95393.10386,251.3608287,48.01898942,18770.23116,7575.010079,384368.8487,219769.8572,5651208.764
56,0.002844,0.997156,0.191036088,95141.74303,270.5831172,50.18557304,18175.50641,7526.991089,365598.6176,212194.8471,5266839.915
57,0.003074,0.996926,0.18547193,94871.15991,291.6339456,52.51447652,17595.93715,7476.805516,347423.1112,204667.856,4901241.298
58,0.003329,0.996671,0.180069835,94579.52596,314.8552419,55.04459371,17030.91965,7424.29104,329827.174,197191.0505,4553818.186
59,0.003612,0.996388,0.174825083,94264.67072,340.4839906,57.79139983,16479.82886,7369.246446,312796.2543,189766.7594,4223991.012
60,0.003926,0.996074,0.16973309,93924.18673,368.7463571,60.76549381,15942.04244,7311.455046,296316.4255,182397.513,3911194.758
61,0.004275,0.995725,0.164789408,93555.44037,399.9495076,63.98780825,15416.94561,7250.689552,280374.383,175086.0579,3614878.333
62,0.004664,0.995336,0.159989716,93155.49087,434.4772094,67.48726745,14903.92055,7186.701744,264957.4374,167835.3684,3334503.949
63,0.005096,0.994904,0.155329822,92721.01366,472.5062856,71.25661851,14402.33851,7119.214476,250053.5169,160648.6667,3069546.512
64,0.005579,0.994421,0.150805652,92248.50737,514.6544226,75.35222893,13911.59631,7047.957858,235651.1784,153529.4522,2819492.995
65,0.006119,0.993881,0.146413254,91733.85295,561.3194462,79.79088049,13431.05195,6972.605629,221739.5821,146481.4943,2583841.817
66,0.006723,0.993277,0.142148791,91172.5335,612.9529427,84.59273746,12960.06538,6892.814749,208308.5301,139508.8887,2362102.235
67,0.0074,0.9926,0.138008535,90559.58056,670.1408961,89.7914205,12497.99501,6808.222011,195348.4647,132616.0739,2153793.705
68,0.00816,0.99184,0.133988869,89889.43966,733.4978277,95.41800395,12044.18432,6718.430591,182850.4697,125807.8519,1958445.24
69,0.009015,0.990985,0.13008628,89155.94184,803.7408157,101.5103427,11597.96483,6623.012587,170806.2854,119089.4213,1775594.77
70,0.009977,0.990023,0.126297359,88352.20102,881.4899096,108.087231,11158.64969,6521.502244,159208.3205,112466.4088,1604788.485
71,0.011061,0.988939,0.122618796,87470.71111,967.5135356,115.1799461,10725.55324,6413.415013,148049.6709,105944.9065,1445580.164
72,0.012285,0.987715,0.119047374,86503.19758,1062.691782,122.8258897,10297.97854,6298.235067,137324.1176,99531.49149,1297530.493
73,0.013668,0.986332,0.115579975,85440.50579,1167.800833,131.0430983,9875.211531,6175.409177,127026.1391,93233.25643,1160206.376
74,0.015235,0.984765,0.112213568,84272.70496,1283.89466,139.8741755,9456.540912,6044.366079,117150.9275,87057.84725,1033180.237
75,0.017009,0.982991,0.108945212,82988.8103,1411.556674,149.3032434,9041.233506,5904.491903,107694.3866,81013.48117,916029.3093
76,0.019024,0.980976,0.10577205,81577.25363,1551.925673,159.3692817,8628.593365,5755.18866,98653.15312,75108.98927,808334.9226
77,0.021312,0.978688,0.102691311,80025.32795,1705.499789,170.0388437,8217.90583,5595.819378,90024.55975,69353.80061,709681.7695
78,0.023915,0.976085,0.099700302,78319.82816,1873.018691,181.3014842,7808.510506,5425.780535,81806.65392,63757.98123,619657.2098
79,0.026879,0.973121,0.09679641,76446.80947,2054.813792,193.1054343,7399.776677,5244.47905,73998.14342,58332.20069,537850.5558
80,0.030257,0.969743,0.093977097,74391.99568,2250.878613,205.3699388,6991.143766,5051.373616,66598.36674,53087.72164,463852.4124
81,0.03411,0.96589,0.0912399,72141.11707,2460.733503,217.9777455,6582.148281,4846.003677,59607.22298,48036.34803,397254.0457
82,0.038509,0.961491,0.088582427,69680.38356,2683.321891,230.7720049,6172.457479,4628.025932,53025.07469,43190.34435,337646.8227
83,0.043533,0.956467,0.086002356,66997.06167,2916.583086,243.5272012,5761.905159,4397.253927,46852.61722,38562.31842,284621.748
84,0.049274,0.950726,0.083497433,64080.47859,3157.501502,255.9643404,5350.555477,4153.726726,41090.71206,34165.06449,237769.1308
85,0.055833,0.944167,0.081065469,60922.97709,3401.51258,267.7137989,4938.749715,3897.762385,35740.15658,30011.33777,196678.4187
86,0.063329,0.936671,0.078704339,57521.46451,3642.776826,278.3517882,4527.188837,3630.048586,30801.40686,26113.57538,160938.2622
87,0.071889,0.928111,0.07641198,53878.68768,3873.284979,287.3450218,4116.97718,3351.696798,26274.21803,22483.52679,130136.8553
88,0.08166,0.91834,0.074186388,50005.4027,4083.441185,294.1123802,3709.720201,3064.351776,22157.24085,19131.83,103862.6373
89,0.092798,0.907202,0.072025619,45921.96152,4261.466185,297.9948943,3307.557718,2770.239396,18447.52065,16067.47822,81705.39641
90,0.105476,0.894524,0.069927786,41660.49533,4394.182406,298.3256755,2913.226191,2472.244502,15139.96293,13297.23882,63257.87576
91,0.119875,0.880125,0.067891054,37266.31293,4467.299262,294.4559767,2530.049268,2173.918826,12226.73674,10824.99432,48117.91284
92,0.136184,0.863816,0.065913645,32799.01366,4466.700877,285.841296,2161.902536,1879.46285,9696.687469,8651.075496,35891.1761
93,0.154594,0.845406,0.06399383,28332.31279,4380.005563,272.1294474,1813.093205,1593.621554,7534.784933,6771.612646,26194.48863
94,0.175291,0.824709,0.062129932,23952.30722,4198.623886,253.2623458,1488.155217,1321.492106,5721.691729,5177.991093,18659.7037
95,0.198441,0.801559,0.060320322,19753.68334,3919.940675,229.5651308,1191.548545,1068.22976,4233.536512,3856.498987,12938.01197
96,0.224184,0.775816,0.05856342,15833.74266,3549.671765,201.8261332,927.2781164,838.6646295,3041.987967,2788.269226,8704.475457
97,0.252613,0.747387,0.056857689,12284.0709,3103.116002,171.2970918,698.4438827,636.8384963,2114.709851,1949.604597,5662.48749
98,0.28376,0.71624,0.05520164,9180.954896,2605.187761,139.6219771,506.8037652,465.5414045,1416.265968,1312.7661,3547.777639
99,0.317576,0.682424,0.053593825,6575.767135,2088.305824,108.6604825,352.4205134,325.9194274,909.4622029,847.224696,2131.511671
100,0.353919,0.646081,0.05203284,4487.461311,1588.19782,80.23149787,233.4953557,217.2589449,557.0416895,521.3052686,1222.049468
101,0.39254,0.60746,0.05051732,2899.263491,1138.076891,55.81805317,146.4630223,137.0274471,323.5463338,304.0463237,665.0077786
102,0.433078,0.566922,0.049045942,1761.186601,762.7311706,36.31929004,86.37905583,81.20939389,177.0833115,167.0188766,341.4614448
103,0.475068,0.524932,0.047617419,998.4554299,474.3342242,21.92871038,47.54387096,44.89010385,90.70425567,85.80948272,164.3781333
104,0.517949,0.482051,0.046230504,524.1212058,271.4680544,12.18456801,24.23038764,22.96139347,43.1603847,40.91937887,73.67387766
105,0.561099,0.438901,0.044883985,252.6531514,141.7634306,6.177580246,11.34008019,10.77682546,18.92999706,17.95798541,30.51349296
106,0.603861,0.396139,0.043576684,110.8897208,66.96197768,2.832991219,4.832206344,4.599245213,7.589916874,7.181159949,11.5834959
107,0.645589,0.354411,0.04230746,43.9277431,28.35926774,1.164862715,1.858471251,1.766253994,2.757710529,2.581914736,3.993579025
108,0.685682,0.314318,0.041075204,15.56847536,10.67502332,0.425707537,0.639478306,0.601391279,0.899239278,0.815660742,1.235868496
109,0.72362,0.27638,0.039878839,4.893452038,3.540999764,0.137098019,0.195145186,0.175683741,0.259760973,0.214269463,0.336629218
110,0.758991,0.241009,0.03871732,1.352452274,1.026499104,0.038585722,0.052363327,0.038585722,0.064615786,0.038585722,0.076868245
111,1,0,0.037589631,0.32595317,0.32595317,0,0.012252459,0,0.012252459,0,0.012252459
